Batch No.,Training Loss,Test Loss,Best Two,Best Only
1,1.5421005487442017,,,
2,0.6850906014442444,,,
3,0.7119356393814087,,,
4,0.5124969482421875,,,
5,0.437764972448349,,,
6,0.399943470954895,,,
7,0.355823278427124,,,
8,0.3543842136859894,,,
9,0.2974078059196472,,,
10,0.2551124095916748,,,
11,0.24034975469112396,,,
12,0.2785845100879669,,,
13,0.28139397501945496,,,
14,0.2578144371509552,,,
15,0.2379714399576187,,,
16,0.26867908239364624,,,
17,0.22845818102359772,,,
18,0.2590961158275604,,,
19,0.2424204796552658,,,
20,0.2727980315685272,,,
21,0.21904508769512177,,,
22,0.22603268921375275,,,
23,0.2681313753128052,,,
24,0.22141464054584503,,,
25,0.2214893251657486,,,
26,0.22093427181243896,,,
27,0.25790658593177795,,,
28,0.2252369076013565,,,
29,0.23111894726753235,,,
30,0.19814561307430267,,,
31,0.21416789293289185,,,
32,0.21711035072803497,,,
33,0.20423494279384613,,,
34,0.20600266754627228,,,
35,0.20952986180782318,,,
36,0.20378521084785461,,,
37,0.21788710355758667,,,
38,0.2263428270816803,,,
39,0.21764227747917175,,,
40,0.23471353948116302,,,
41,0.23261281847953796,,,
42,0.22232818603515625,,,
43,0.20948557555675507,,,
44,0.2033858597278595,,,
45,0.21442465484142303,,,
46,0.20288138091564178,,,
47,0.20299579203128815,,,
48,0.20107871294021606,,,
49,0.2062842696905136,,,
50,0.21454642713069916,,,
51,0.2058514952659607,,,
52,0.20765210688114166,,,
53,0.1870926320552826,,,
54,0.20933941006660461,,,
55,0.2056666910648346,,,
56,0.20550495386123657,,,
57,0.2058262676000595,,,
58,0.21675896644592285,,,
59,0.18705257773399353,,,
60,0.20098325610160828,,,
61,0.2055922895669937,,,
62,0.20267663896083832,,,
63,0.16780629754066467,,,
64,0.19455137848854065,,,
65,0.20988482236862183,,,
66,0.21249894797801971,,,
67,0.22151871025562286,,,
68,0.19135652482509613,,,
69,0.1956276297569275,,,
70,0.1915704309940338,,,
71,0.20055243372917175,,,
72,0.19003070890903473,,,
73,0.20526108145713806,,,
74,0.19915540516376495,,,
75,0.19015896320343018,,,
76,0.19228032231330872,,,
77,0.20062915980815887,,,
78,0.20032437145709991,,,
79,0.20326724648475647,,,
80,0.20454153418540955,,,
81,0.16640704870224,,,
82,0.18146297335624695,,,
83,0.18406985700130463,,,
84,0.20403602719306946,,,
85,0.19230341911315918,,,
86,0.2081071436405182,,,
87,0.20832698047161102,,,
88,0.1795872449874878,,,
89,0.19491331279277802,,,
90,0.17336243391036987,,,
91,0.22171588242053986,,,
92,0.21226543188095093,,,
93,0.19834527373313904,,,
94,0.20265191793441772,,,
95,0.1914253830909729,,,
96,0.1962004452943802,,,
97,0.19622674584388733,,,
98,0.20180131494998932,,,
99,0.1905955821275711,,,
100,0.17827290296554565,,,
101,0.20735958218574524,,,
102,0.20459359884262085,,,
103,0.18095196783542633,,,
104,0.17986100912094116,,,
105,0.17273753881454468,,,
106,0.19187887012958527,,,
107,0.21270360052585602,,,
108,0.19781163334846497,,,
109,0.19037547707557678,,,
110,0.20370812714099884,,,
111,0.2037084996700287,,,
112,0.19612441956996918,,,
113,0.1913478672504425,,,
114,0.18316160142421722,,,
115,0.20046290755271912,,,
116,0.1854027658700943,,,
117,0.2000562995672226,,,
118,0.20048940181732178,,,
119,0.17336875200271606,,,
120,0.18378348648548126,,,
121,0.16651400923728943,,,
122,0.18826830387115479,,,
123,0.20294761657714844,,,
124,0.18262609839439392,,,
125,0.18770849704742432,,,
126,0.18487469851970673,,,
127,0.19615517556667328,,,
128,0.18742796778678894,,,
129,0.18182530999183655,,,
130,0.21015332639217377,,,
131,0.1854458898305893,,,
132,0.17455461621284485,,,
133,0.17084839940071106,,,
134,0.19534991681575775,,,
135,0.1951160579919815,,,
136,0.18082767724990845,,,
137,0.20115868747234344,,,
138,0.2100607007741928,,,
139,0.18932338058948517,,,
140,0.16501179337501526,,,
141,0.19660276174545288,,,
142,0.19222314655780792,,,
143,0.1993597149848938,,,
144,0.1742740124464035,,,
145,0.18549801409244537,,,
146,0.18248926103115082,,,
147,0.1776856929063797,,,
148,0.18833190202713013,,,
149,0.18091222643852234,,,
150,0.16998302936553955,,,
151,0.18465052545070648,,,
152,0.16782638430595398,,,
153,0.2000960409641266,,,
154,0.1684763878583908,,,
155,0.16523218154907227,,,
156,0.18258577585220337,,,
157,0.17057617008686066,,,
158,0.19457904994487762,,,
159,0.18644115328788757,,,
160,0.18495479226112366,,,
161,0.1634949892759323,,,
162,0.1559184491634369,,,
163,0.20570996403694153,,,
164,0.18772132694721222,,,
165,0.18530379235744476,,,
166,0.1860063225030899,,,
167,0.18546150624752045,,,
168,0.1728755235671997,,,
169,0.18415048718452454,,,
170,0.2001749724149704,,,
171,0.14459872245788574,,,
172,0.1845121830701828,,,
173,0.1793910413980484,,,
174,0.19667422771453857,,,
175,0.1645238995552063,,,
176,0.16644184291362762,,,
177,0.1939859688282013,,,
178,0.1594810038805008,,,
179,0.19210803508758545,,,
180,0.19449657201766968,,,
181,0.15818050503730774,,,
182,0.18542346358299255,,,
183,0.17148181796073914,,,
184,0.16060739755630493,,,
185,0.1818968504667282,,,
186,0.1787368804216385,,,
187,0.1690654307603836,,,
188,0.14415287971496582,,,
189,0.1779901683330536,,,
190,0.19947397708892822,,,
191,0.18993313610553741,,,
192,0.17232711613178253,,,
193,0.179521381855011,,,
194,0.16235904395580292,,,
195,0.16383035480976105,,,
196,0.18625028431415558,,,
197,0.19422835111618042,,,
198,0.1675221472978592,,,
199,0.17705045640468597,,,
200,0.16903941333293915,,,
201,0.16213396191596985,,,
202,0.16030171513557434,,,
203,0.18619395792484283,,,
204,0.1761382520198822,,,
205,0.17031407356262207,,,
206,0.17107069492340088,,,
207,0.17095641791820526,,,
208,0.17560040950775146,,,
209,0.1615838259458542,,,
210,0.16258616745471954,,,
211,0.17699582874774933,,,
212,0.13732248544692993,,,
213,0.16539791226387024,,,
214,0.17604143917560577,,,
215,0.15144111216068268,,,
216,0.15095098316669464,0.6288956883880827,0.5118518518518519,0.3127777777777778
217,0.7189648151397705,,,
218,0.5138034224510193,,,
219,0.384671688079834,,,
220,0.26298820972442627,,,
221,0.17802613973617554,,,
222,0.16292937099933624,,,
223,0.18979595601558685,,,
224,0.22161394357681274,,,
225,0.2919400930404663,,,
226,0.20359990000724792,,,
227,0.18699753284454346,,,
228,0.20797942578792572,,,
229,0.16057318449020386,,,
230,0.17080801725387573,,,
231,0.1510583907365799,,,
232,0.18224374949932098,,,
233,0.17153799533843994,,,
234,0.19595575332641602,,,
235,0.16439424455165863,,,
236,0.16584382951259613,,,
237,0.15061905980110168,,,
238,0.14109449088573456,,,
239,0.16532298922538757,,,
240,0.15207257866859436,,,
241,0.14686648547649384,,,
242,0.14686673879623413,,,
243,0.1358690708875656,,,
244,0.131236732006073,,,
245,0.1277788281440735,,,
246,0.13084866106510162,,,
247,0.11025930196046829,,,
248,0.11806841194629669,,,
249,0.10501568764448166,,,
250,0.12139831483364105,,,
251,0.10689440369606018,,,
252,0.12275885045528412,,,
253,0.09917507320642471,,,
254,0.12089759111404419,,,
255,0.12584291398525238,,,
256,0.14450758695602417,,,
257,0.1057802364230156,,,
258,0.13110002875328064,,,
259,0.08814127743244171,,,
260,0.099432073533535,,,
261,0.10969194024801254,,,
262,0.086077481508255,,,
263,0.10471422970294952,,,
264,0.10595782101154327,,,
265,0.09261271357536316,,,
266,0.10275546461343765,,,
267,0.09167902916669846,,,
268,0.13006208837032318,,,
269,0.11247043311595917,,,
270,0.1007075235247612,,,
271,0.09833443909883499,,,
272,0.0869969055056572,,,
273,0.10268091410398483,,,
274,0.11527679115533829,,,
275,0.08118276298046112,,,
276,0.09683249145746231,,,
277,0.10331301391124725,,,
278,0.09063385426998138,,,
279,0.081475168466568,,,
280,0.09262321144342422,,,
281,0.09872391819953918,,,
282,0.10758813470602036,,,
283,0.09305501729249954,,,
284,0.0912633165717125,,,
285,0.09090331941843033,,,
286,0.08888348937034607,,,
287,0.07915247976779938,,,
288,0.10113774240016937,,,
289,0.0923178419470787,,,
290,0.09989075362682343,,,
291,0.10085400938987732,,,
292,0.0892028883099556,,,
293,0.08871657401323318,,,
294,0.07784449309110641,,,
295,0.09849435836076736,,,
296,0.09593551605939865,,,
297,0.09640367329120636,,,
298,0.07302446663379669,,,
299,0.08637931942939758,,,
300,0.09274248778820038,,,
301,0.07719163596630096,,,
302,0.11893361061811447,,,
303,0.09174056351184845,,,
304,0.09385397285223007,,,
305,0.08633508533239365,,,
306,0.08638444542884827,,,
307,0.10534144937992096,,,
308,0.10315631330013275,,,
309,0.08514890819787979,,,
310,0.09179641306400299,,,
311,0.08449292182922363,,,
312,0.07610252499580383,,,
313,0.10423561930656433,,,
314,0.0844171792268753,,,
315,0.0968155562877655,,,
316,0.09265077114105225,,,
317,0.08424313366413116,,,
318,0.08705130219459534,,,
319,0.0918695330619812,,,
320,0.07668930292129517,,,
321,0.08087292313575745,,,
322,0.08069991320371628,,,
323,0.09823252260684967,,,
324,0.09230934083461761,,,
325,0.08346765488386154,,,
326,0.08380000293254852,,,
327,0.08964879810810089,,,
328,0.07679730653762817,,,
329,0.08701428025960922,,,
330,0.0758771002292633,,,
331,0.10094194114208221,,,
332,0.07431074231863022,,,
333,0.09979723393917084,,,
334,0.08185848593711853,,,
335,0.06987448036670685,,,
336,0.07208409905433655,,,
337,0.06261812150478363,,,
338,0.0791829377412796,,,
339,0.11579704284667969,,,
340,0.0770556852221489,,,
341,0.09949494898319244,,,
342,0.08689337968826294,,,
343,0.09255021810531616,,,
344,0.09161962568759918,,,
345,0.10128365457057953,,,
346,0.10275000333786011,,,
347,0.0865512266755104,,,
348,0.07452747225761414,,,
349,0.07860885560512543,,,
350,0.07546716183423996,,,
351,0.10916227847337723,,,
352,0.08350440859794617,,,
353,0.08185224235057831,,,
354,0.1003311425447464,,,
355,0.08736629784107208,,,
356,0.05246211960911751,,,
357,0.08788453042507172,,,
358,0.08844183385372162,,,
359,0.09500912576913834,,,
360,0.06591416895389557,,,
361,0.08121291548013687,,,
362,0.09340301156044006,,,
363,0.05936451256275177,,,
364,0.08074218779802322,,,
365,0.08024678379297256,,,
366,0.07610174268484116,,,
367,0.0732022225856781,,,
368,0.07271340489387512,,,
369,0.10972612351179123,,,
370,0.07382150739431381,,,
371,0.06698098033666611,,,
372,0.06594382226467133,,,
373,0.06443127989768982,,,
374,0.0925966277718544,,,
375,0.07927226275205612,,,
376,0.0956965759396553,,,
377,0.0782666727900505,,,
378,0.07261780649423599,,,
379,0.09709497541189194,,,
380,0.0801583006978035,,,
381,0.09525076299905777,,,
382,0.08168283849954605,,,
383,0.07022108882665634,,,
384,0.06166248023509979,,,
385,0.08326824754476547,,,
386,0.10841147601604462,,,
387,0.05760296806693077,,,
388,0.08008451759815216,,,
389,0.08490043133497238,,,
390,0.11511034518480301,,,
391,0.06128481402993202,,,
392,0.08274241536855698,,,
393,0.08852537721395493,,,
394,0.08657853305339813,,,
395,0.07511258125305176,,,
396,0.07752098143100739,,,
397,0.06744944304227829,,,
398,0.087882861495018,,,
399,0.08379814028739929,,,
400,0.06192926689982414,,,
401,0.07919807732105255,,,
402,0.07606839388608932,,,
403,0.08331364393234253,,,
404,0.06715266406536102,,,
405,0.0855148583650589,,,
406,0.0973753035068512,,,
407,0.09156035631895065,,,
408,0.08129950612783432,,,
409,0.08602284640073776,,,
410,0.09667104482650757,,,
411,0.06932880729436874,,,
412,0.07882688194513321,,,
413,0.09178466349840164,,,
414,0.07234477251768112,,,
415,0.07557081431150436,,,
416,0.08684051781892776,,,
417,0.08576331287622452,,,
418,0.07475335150957108,,,
419,0.0883014127612114,,,
420,0.09335649758577347,,,
421,0.07241952419281006,,,
422,0.09001199156045914,,,
423,0.08962470293045044,,,
424,0.09689878672361374,,,
425,0.07666612416505814,,,
426,0.05075313150882721,,,
427,0.06935712695121765,,,
428,0.06881614029407501,,,
429,0.0766066312789917,,,
430,0.07126148045063019,,,
431,0.0586424246430397,,,
432,0.06911876052618027,0.08213470048374599,0.9625925925925926,0.8651851851851851
433,0.07337477058172226,,,
434,0.0853978618979454,,,
435,0.09375479817390442,,,
436,0.08611445128917694,,,
437,0.08893846720457077,,,
438,0.0648115873336792,,,
439,0.08516101539134979,,,
440,0.07314340025186539,,,
441,0.07434878498315811,,,
442,0.06607094407081604,,,
443,0.060013458132743835,,,
444,0.08085198700428009,,,
445,0.07009562849998474,,,
446,0.07232847809791565,,,
447,0.059565089643001556,,,
448,0.07773269712924957,,,
449,0.07448118925094604,,,
450,0.08023833483457565,,,
451,0.08880431950092316,,,
452,0.10059089213609695,,,
453,0.07829903066158295,,,
454,0.07925016433000565,,,
455,0.10502634942531586,,,
456,0.07474355399608612,,,
457,0.06889356672763824,,,
458,0.08679093420505524,,,
459,0.08715419471263885,,,
460,0.06387244910001755,,,
461,0.07475820183753967,,,
462,0.08812567591667175,,,
463,0.06573900580406189,,,
464,0.07394463568925858,,,
465,0.0748715028166771,,,
466,0.08567734807729721,,,
467,0.07091857492923737,,,
468,0.08483030647039413,,,
469,0.056879132986068726,,,
470,0.0764290988445282,,,
471,0.10130982846021652,,,
472,0.10407394915819168,,,
473,0.07846091687679291,,,
474,0.10058944672346115,,,
475,0.06635376811027527,,,
476,0.07607772201299667,,,
477,0.08587352186441422,,,
478,0.06686976552009583,,,
479,0.07971672713756561,,,
480,0.08050316572189331,,,
481,0.0737420916557312,,,
482,0.08343728631734848,,,
483,0.08796220272779465,,,
484,0.10608439892530441,,,
485,0.08671492338180542,,,
486,0.08680430799722672,,,
487,0.07012525945901871,,,
488,0.06782166659832001,,,
489,0.08055588603019714,,,
490,0.07978575676679611,,,
491,0.058429207652807236,,,
492,0.06894984841346741,,,
493,0.08202169835567474,,,
494,0.07047059386968613,,,
495,0.07184217870235443,,,
496,0.07386716455221176,,,
497,0.0831366628408432,,,
498,0.08394347876310349,,,
499,0.07045338302850723,,,
500,0.07451768219470978,,,
501,0.0717361569404602,,,
502,0.0717834085226059,,,
503,0.06417776644229889,,,
504,0.09580251574516296,,,
505,0.0789010301232338,,,
506,0.08209466189146042,,,
507,0.09082690626382828,,,
508,0.07573976367712021,,,
509,0.08353336155414581,,,
510,0.06350044906139374,,,
511,0.07373443245887756,,,
512,0.09114491194486618,,,
513,0.07989227026700974,,,
514,0.06046910956501961,,,
515,0.06253919005393982,,,
516,0.07463359087705612,,,
517,0.057412974536418915,,,
518,0.1077820360660553,,,
519,0.07703746110200882,,,
520,0.09086175262928009,,,
521,0.08256904035806656,,,
522,0.07022300362586975,,,
523,0.09837926179170609,,,
524,0.09248091280460358,,,
525,0.07371101528406143,,,
526,0.08030935376882553,,,
527,0.07957203686237335,,,
528,0.06667479127645493,,,
529,0.09763265401124954,,,
530,0.07301339507102966,,,
531,0.09313083440065384,,,
532,0.07585282623767853,,,
533,0.07531891018152237,,,
534,0.08002723008394241,,,
535,0.08197767287492752,,,
536,0.07058876007795334,,,
537,0.06291618943214417,,,
538,0.06226447969675064,,,
539,0.08604928851127625,,,
540,0.0806049332022667,,,
541,0.07255878299474716,,,
542,0.073343425989151,,,
543,0.08258156478404999,,,
544,0.0665401965379715,,,
545,0.06951573491096497,,,
546,0.06499131768941879,,,
547,0.08564994484186172,,,
548,0.062971331179142,,,
549,0.08800365030765533,,,
550,0.0734008327126503,,,
551,0.05748060345649719,,,
552,0.058499693870544434,,,
553,0.054942961782217026,,,
554,0.07246825098991394,,,
555,0.10124470293521881,,,
556,0.07151219248771667,,,
557,0.08550304919481277,,,
558,0.07705972343683243,,,
559,0.08175475895404816,,,
560,0.0880916491150856,,,
561,0.08641519397497177,,,
562,0.08692388236522675,,,
563,0.07797201722860336,,,
564,0.06374745815992355,,,
565,0.07403115928173065,,,
566,0.06808802485466003,,,
567,0.09993786364793777,,,
568,0.07083798944950104,,,
569,0.06399622559547424,,,
570,0.0941120982170105,,,
571,0.07757341116666794,,,
572,0.04873340204358101,,,
573,0.08164381235837936,,,
574,0.07692264765501022,,,
575,0.08331961184740067,,,
576,0.056175753474235535,,,
577,0.06807391345500946,,,
578,0.07698872685432434,,,
579,0.054198261350393295,,,
580,0.0754733458161354,,,
581,0.07742616534233093,,,
582,0.0671229213476181,,,
583,0.0696244090795517,,,
584,0.06486838310956955,,,
585,0.08701253682374954,,,
586,0.06986222416162491,,,
587,0.05701048672199249,,,
588,0.05973895639181137,,,
589,0.0594889335334301,,,
590,0.08309397846460342,,,
591,0.07305964827537537,,,
592,0.08704277127981186,,,
593,0.059674881398677826,,,
594,0.06178935617208481,,,
595,0.0866742804646492,,,
596,0.06926796585321426,,,
597,0.08007548749446869,,,
598,0.07285111397504807,,,
599,0.06362521648406982,,,
600,0.054253824055194855,,,
601,0.07258115708827972,,,
602,0.09822073578834534,,,
603,0.049547526985406876,,,
604,0.06603991985321045,,,
605,0.07581658661365509,,,
606,0.10321343690156937,,,
607,0.05223335698246956,,,
608,0.07530553638935089,,,
609,0.08100540190935135,,,
610,0.07758389413356781,,,
611,0.06749863922595978,,,
612,0.06727885454893112,,,
613,0.05752933770418167,,,
614,0.07933977246284485,,,
615,0.07935138046741486,,,
616,0.054113853722810745,,,
617,0.06968839466571808,,,
618,0.06161382049322128,,,
619,0.06977184116840363,,,
620,0.061200954020023346,,,
621,0.07324458658695221,,,
622,0.08833670616149902,,,
623,0.08108958601951599,,,
624,0.06775318831205368,,,
625,0.07496621459722519,,,
626,0.08388951420783997,,,
627,0.061023276299238205,,,
628,0.07111328840255737,,,
629,0.08206041157245636,,,
630,0.06406554579734802,,,
631,0.06269924342632294,,,
632,0.07496464252471924,,,
633,0.07510470598936081,,,
634,0.06453026086091995,,,
635,0.07513201236724854,,,
636,0.0819372609257698,,,
637,0.0693758949637413,,,
638,0.08125708997249603,,,
639,0.08223744481801987,,,
640,0.08487206697463989,,,
641,0.06702109426259995,,,
642,0.04476388916373253,,,
643,0.06493813544511795,,,
644,0.06317358464002609,,,
645,0.07245437800884247,,,
646,0.06947102397680283,,,
647,0.055423859506845474,,,
648,0.06362196058034897,0.07694972934270347,0.9644444444444444,0.8733333333333333
649,0.0618637353181839,,,
650,0.07828300446271896,,,
651,0.08366257697343826,,,
652,0.07901909202337265,,,
653,0.0815252736210823,,,
654,0.06008657440543175,,,
655,0.07655168324708939,,,
656,0.07199368625879288,,,
657,0.06736636161804199,,,
658,0.057307176291942596,,,
659,0.0514531210064888,,,
660,0.07255932688713074,,,
661,0.06961973756551743,,,
662,0.06443284451961517,,,
663,0.05531662702560425,,,
664,0.06955288350582123,,,
665,0.06394993513822556,,,
666,0.07388442754745483,,,
667,0.07993322610855103,,,
668,0.09193868935108185,,,
669,0.06950024515390396,,,
670,0.0726824551820755,,,
671,0.09611073136329651,,,
672,0.06828947365283966,,,
673,0.06525098532438278,,,
674,0.08340371400117874,,,
675,0.08188220858573914,,,
676,0.05907376483082771,,,
677,0.06682389974594116,,,
678,0.07706879079341888,,,
679,0.05857885256409645,,,
680,0.0675007775425911,,,
681,0.0729411318898201,,,
682,0.08193419873714447,,,
683,0.06817227602005005,,,
684,0.07406526803970337,,,
685,0.051323484629392624,,,
686,0.07446377724409103,,,
687,0.09035443514585495,,,
688,0.09536929428577423,,,
689,0.07475899904966354,,,
690,0.10507500171661377,,,
691,0.07346548140048981,,,
692,0.06851820647716522,,,
693,0.07342218607664108,,,
694,0.0578702911734581,,,
695,0.08304793387651443,,,
696,0.07783489674329758,,,
697,0.06825261563062668,,,
698,0.07307375222444534,,,
699,0.07552827894687653,,,
700,0.10591726005077362,,,
701,0.08195783942937851,,,
702,0.08490695804357529,,,
703,0.0627826526761055,,,
704,0.06166710704565048,,,
705,0.0758306011557579,,,
706,0.07043465971946716,,,
707,0.05972040817141533,,,
708,0.0650315061211586,,,
709,0.07865779846906662,,,
710,0.05730850249528885,,,
711,0.06873534619808197,,,
712,0.06208140403032303,,,
713,0.077442467212677,,,
714,0.08335663378238678,,,
715,0.06524936109781265,,,
716,0.0668565034866333,,,
717,0.06715458631515503,,,
718,0.06885460019111633,,,
719,0.05581672117114067,,,
720,0.08004418760538101,,,
721,0.07233743369579315,,,
722,0.07289562374353409,,,
723,0.08549526333808899,,,
724,0.06775989383459091,,,
725,0.07570381462574005,,,
726,0.05866464227437973,,,
727,0.061557672917842865,,,
728,0.08428636193275452,,,
729,0.06980898976325989,,,
730,0.05523233860731125,,,
731,0.0571913868188858,,,
732,0.06486912816762924,,,
733,0.05052280053496361,,,
734,0.09172205626964569,,,
735,0.0667056143283844,,,
736,0.08686201274394989,,,
737,0.0764206200838089,,,
738,0.061161383986473083,,,
739,0.0831206738948822,,,
740,0.07941079139709473,,,
741,0.06479248404502869,,,
742,0.0713091641664505,,,
743,0.06964997202157974,,,
744,0.05489839240908623,,,
745,0.08533039689064026,,,
746,0.06545952707529068,,,
747,0.09067542105913162,,,
748,0.06328524649143219,,,
749,0.06467541307210922,,,
750,0.08370856940746307,,,
751,0.07390911132097244,,,
752,0.06978250294923782,,,
753,0.057025544345378876,,,
754,0.05898396298289299,,,
755,0.08009173721075058,,,
756,0.07639659941196442,,,
757,0.069492869079113,,,
758,0.06567821651697159,,,
759,0.08042338490486145,,,
760,0.0593353733420372,,,
761,0.06555427610874176,,,
762,0.06100985035300255,,,
763,0.07466059923171997,,,
764,0.05757106840610504,,,
765,0.0823102816939354,,,
766,0.06746852397918701,,,
767,0.05351429060101509,,,
768,0.04880179464817047,,,
769,0.04956230893731117,,,
770,0.060704514384269714,,,
771,0.09358937293291092,,,
772,0.06764525920152664,,,
773,0.07783763110637665,,,
774,0.07176815718412399,,,
775,0.07248704880475998,,,
776,0.08394037187099457,,,
777,0.07547783851623535,,,
778,0.08099044859409332,,,
779,0.07230012118816376,,,
780,0.05888073891401291,,,
781,0.07059746235609055,,,
782,0.06269294768571854,,,
783,0.09183087199926376,,,
784,0.06669355183839798,,,
785,0.05661575496196747,,,
786,0.091335728764534,,,
787,0.07087378203868866,,,
788,0.046404555439949036,,,
789,0.07362866401672363,,,
790,0.06867656111717224,,,
791,0.07157178223133087,,,
792,0.05159185826778412,,,
793,0.05904378369450569,,,
794,0.07003346085548401,,,
795,0.052420780062675476,,,
796,0.0731746107339859,,,
797,0.07049773633480072,,,
798,0.060386840254068375,,,
799,0.06353804469108582,,,
800,0.05816780775785446,,,
801,0.07627582550048828,,,
802,0.06391682475805283,,,
803,0.049409519881010056,,,
804,0.05626334249973297,,,
805,0.05292791128158569,,,
806,0.07596933096647263,,,
807,0.06085268408060074,,,
808,0.07876238971948624,,,
809,0.053416065871715546,,,
810,0.05902424827218056,,,
811,0.08112030476331711,,,
812,0.06502946466207504,,,
813,0.07274913787841797,,,
814,0.06652171909809113,,,
815,0.05619816854596138,,,
816,0.04943118244409561,,,
817,0.06358080357313156,,,
818,0.09286682307720184,,,
819,0.04595181345939636,,,
820,0.05855407193303108,,,
821,0.06423299759626389,,,
822,0.09304870665073395,,,
823,0.043856557458639145,,,
824,0.07007195800542831,,,
825,0.07528919726610184,,,
826,0.07342755049467087,,,
827,0.06206703931093216,,,
828,0.06028067693114281,,,
829,0.052582748234272,,,
830,0.07413731515407562,,,
831,0.07203453779220581,,,
832,0.05045134574174881,,,
833,0.0619119331240654,,,
834,0.05915476381778717,,,
835,0.062089331448078156,,,
836,0.05768147110939026,,,
837,0.06432928144931793,,,
838,0.08239387720823288,,,
839,0.07180197536945343,,,
840,0.0634239986538887,,,
841,0.06805600225925446,,,
842,0.07746754586696625,,,
843,0.0551011897623539,,,
844,0.06426063179969788,,,
845,0.07655046135187149,,,
846,0.05704663321375847,,,
847,0.05734870210289955,,,
848,0.06953561305999756,,,
849,0.07354049384593964,,,
850,0.05805070325732231,,,
851,0.07038158178329468,,,
852,0.0757535770535469,,,
853,0.06434041261672974,,,
854,0.07207684963941574,,,
855,0.07275740802288055,,,
856,0.07451197504997253,,,
857,0.06214320287108421,,,
858,0.03966141119599342,,,
859,0.056692205369472504,,,
860,0.058038730174303055,,,
861,0.06697256118059158,,,
862,0.06496839970350266,,,
863,0.05217593535780907,,,
864,0.05959223210811615,0.0761763472110033,0.965,0.8777777777777775
865,0.05671005696058273,,,
866,0.07235493510961533,,,
867,0.07357848435640335,,,
868,0.0669708400964737,,,
869,0.07693977653980255,,,
870,0.05769788473844528,,,
871,0.06980416923761368,,,
872,0.06649365276098251,,,
873,0.06134258955717087,,,
874,0.05010398477315903,,,
875,0.0471898578107357,,,
876,0.06701790541410446,,,
877,0.06261183321475983,,,
878,0.05927629768848419,,,
879,0.04951481148600578,,,
880,0.06405729055404663,,,
881,0.058928292244672775,,,
882,0.06839189678430557,,,
883,0.06801338493824005,,,
884,0.08546797186136246,,,
885,0.06284212321043015,,,
886,0.06486890465021133,,,
887,0.0867520347237587,,,
888,0.0629991963505745,,,
889,0.0590430349111557,,,
890,0.07916975766420364,,,
891,0.07232119143009186,,,
892,0.057157963514328,,,
893,0.05743852257728577,,,
894,0.06539004296064377,,,
895,0.055679406970739365,,,
896,0.06436359137296677,,,
897,0.07042934000492096,,,
898,0.0767914205789566,,,
899,0.06317013502120972,,,
900,0.07063564658164978,,,
901,0.04930844530463219,,,
902,0.07614072412252426,,,
903,0.08100440353155136,,,
904,0.07660596072673798,,,
905,0.07070933282375336,,,
906,0.09691376239061356,,,
907,0.0635114312171936,,,
908,0.05693782866001129,,,
909,0.06460075825452805,,,
910,0.0520494282245636,,,
911,0.07229132950305939,,,
912,0.06862517446279526,,,
913,0.0627574473619461,,,
914,0.07140195369720459,,,
915,0.0636986568570137,,,
916,0.09606831520795822,,,
917,0.07579551637172699,,,
918,0.07498729974031448,,,
919,0.05649152770638466,,,
920,0.055166177451610565,,,
921,0.06964828819036484,,,
922,0.06028495728969574,,,
923,0.055162589997053146,,,
924,0.05776345729827881,,,
925,0.07438679784536362,,,
926,0.05337923765182495,,,
927,0.06518774479627609,,,
928,0.05841587483882904,,,
929,0.06994138658046722,,,
930,0.08224061131477356,,,
931,0.06070956215262413,,,
932,0.06313328444957733,,,
933,0.06231304258108139,,,
934,0.06561935693025589,,,
935,0.051416464149951935,,,
936,0.07303974032402039,,,
937,0.06779893487691879,,,
938,0.06784909218549728,,,
939,0.08150123059749603,,,
940,0.06424298882484436,,,
941,0.06969745457172394,,,
942,0.055627211928367615,,,
943,0.05329703167080879,,,
944,0.07728129625320435,,,
945,0.06494304537773132,,,
946,0.05099116265773773,,,
947,0.05170472711324692,,,
948,0.05888250097632408,,,
949,0.04423362389206886,,,
950,0.08073361217975616,,,
951,0.06172255426645279,,,
952,0.08179188519716263,,,
953,0.06866547465324402,,,
954,0.05366329476237297,,,
955,0.07830909639596939,,,
956,0.07289551943540573,,,
957,0.06303402781486511,,,
958,0.06709866225719452,,,
959,0.06306096166372299,,,
960,0.049871642142534256,,,
961,0.07927246391773224,,,
962,0.058357514441013336,,,
963,0.08820638805627823,,,
964,0.055850908160209656,,,
965,0.05963293835520744,,,
966,0.07961595058441162,,,
967,0.07237653434276581,,,
968,0.06717176735401154,,,
969,0.05169689282774925,,,
970,0.05112165957689285,,,
971,0.07533125579357147,,,
972,0.07282128185033798,,,
973,0.06525856256484985,,,
974,0.06338872015476227,,,
975,0.0778753012418747,,,
976,0.054045628756284714,,,
977,0.06299934536218643,,,
978,0.05502576753497124,,,
979,0.06938348710536957,,,
980,0.05635550245642662,,,
981,0.0796981006860733,,,
982,0.0645349994301796,,,
983,0.04726577177643776,,,
984,0.04392125457525253,,,
985,0.04632940888404846,,,
986,0.05337968468666077,,,
987,0.08635979145765305,,,
988,0.06360531598329544,,,
989,0.07189714163541794,,,
990,0.06563516706228256,,,
991,0.06761253625154495,,,
992,0.07976245880126953,,,
993,0.06986898183822632,,,
994,0.07415130734443665,,,
995,0.06962799280881882,,,
996,0.055769987404346466,,,
997,0.06645769625902176,,,
998,0.056944310665130615,,,
999,0.08520323038101196,,,
1000,0.06148881837725639,,,
1001,0.054026708006858826,,,
1002,0.0877426341176033,,,
1003,0.06685639172792435,,,
1004,0.042590074241161346,,,
1005,0.06719417124986649,,,
1006,0.062433041632175446,,,
1007,0.06573519855737686,,,
1008,0.04687853902578354,,,
1009,0.054748207330703735,,,
1010,0.06496202200651169,,,
1011,0.050670914351940155,,,
1012,0.06834426522254944,,,
1013,0.06718800961971283,,,
1014,0.05582193657755852,,,
1015,0.059492871165275574,,,
1016,0.05305111035704613,,,
1017,0.06697811931371689,,,
1018,0.055076152086257935,,,
1019,0.04457378014922142,,,
1020,0.05168209597468376,,,
1021,0.04711509123444557,,,
1022,0.06749731302261353,,,
1023,0.05245817452669144,,,
1024,0.07124227285385132,,,
1025,0.04646360129117966,,,
1026,0.052874159067869186,,,
1027,0.07594183087348938,,,
1028,0.06046994403004646,,,
1029,0.0676145926117897,,,
1030,0.059763628989458084,,,
1031,0.052635353058576584,,,
1032,0.04428752139210701,,,
1033,0.056415535509586334,,,
1034,0.08548571914434433,,,
1035,0.04192173853516579,,,
1036,0.053586479276418686,,,
1037,0.05532274395227432,,,
1038,0.08594067394733429,,,
1039,0.037355855107307434,,,
1040,0.06516119092702866,,,
1041,0.06769630312919617,,,
1042,0.06701347976922989,,,
1043,0.05646274611353874,,,
1044,0.054788533598184586,,,
1045,0.045563552528619766,,,
1046,0.06729157269001007,,,
1047,0.06283342838287354,,,
1048,0.044521477073431015,,,
1049,0.054436095058918,,,
1050,0.05452120676636696,,,
1051,0.053881898522377014,,,
1052,0.0510355681180954,,,
1053,0.057497788220644,,,
1054,0.07524793595075607,,,
1055,0.06082635000348091,,,
1056,0.05729558318853378,,,
1057,0.06357764452695847,,,
1058,0.07028720527887344,,,
1059,0.05051418021321297,,,
1060,0.05766833946108818,,,
1061,0.0722910612821579,,,
1062,0.05086658522486687,,,
1063,0.05138573423027992,,,
1064,0.06475834548473358,,,
1065,0.07115980237722397,,,
1066,0.05277508497238159,,,
1067,0.06452280282974243,,,
1068,0.06940571963787079,,,
1069,0.05897887423634529,,,
1070,0.0635802298784256,,,
1071,0.06695334613323212,,,
1072,0.06680307537317276,,,
1073,0.05685002729296684,,,
1074,0.034824881702661514,,,
1075,0.051733940839767456,,,
1076,0.05377787724137306,,,
1077,0.061586108058691025,,,
1078,0.061480291187763214,,,
1079,0.04813952371478081,,,
1080,0.05573856458067894,0.07805448032363697,0.9637037037037037,0.8781481481481481
1081,0.05080220848321915,,,
1082,0.06702791154384613,,,
1083,0.06693501770496368,,,
1084,0.0597260445356369,,,
1085,0.07412891834974289,,,
1086,0.05456920713186264,,,
1087,0.06761118769645691,,,
1088,0.0598222054541111,,,
1089,0.0560925230383873,,,
1090,0.047945939004421234,,,
1091,0.042590703815221786,,,
1092,0.06188458949327469,,,
1093,0.0586714893579483,,,
1094,0.056415967643260956,,,
1095,0.04529428854584694,,,
1096,0.05676722899079323,,,
1097,0.054108791053295135,,,
1098,0.06386204808950424,,,
1099,0.06231154501438141,,,
1100,0.07766370475292206,,,
1101,0.056778814643621445,,,
1102,0.06006475165486336,,,
1103,0.0811384841799736,,,
1104,0.058527614921331406,,,
1105,0.05062604695558548,,,
1106,0.07261839509010315,,,
1107,0.05910056084394455,,,
1108,0.05090300366282463,,,
1109,0.04957117140293121,,,
1110,0.06238066032528877,,,
1111,0.05049131438136101,,,
1112,0.057410404086112976,,,
1113,0.06423665583133698,,,
1114,0.06502941995859146,,,
1115,0.061043210327625275,,,
1116,0.06203032657504082,,,
1117,0.04263444244861603,,,
1118,0.06856773048639297,,,
1119,0.07047228515148163,,,
1120,0.0696224495768547,,,
1121,0.06658972054719925,,,
1122,0.08099259436130524,,,
1123,0.05753915011882782,,,
1124,0.05215992406010628,,,
1125,0.05954410880804062,,,
1126,0.04295884817838669,,,
1127,0.05853321775794029,,,
1128,0.06004175543785095,,,
1129,0.05520312115550041,,,
1130,0.06660796701908112,,,
1131,0.05724690109491348,,,
1132,0.08600518852472305,,,
1133,0.06841753423213959,,,
1134,0.06899721175432205,,,
1135,0.053844161331653595,,,
1136,0.050311677157878876,,,
1137,0.062006715685129166,,,
1138,0.05116428807377815,,,
1139,0.05089657008647919,,,
1140,0.05057686194777489,,,
1141,0.06651052832603455,,,
1142,0.05054774507880211,,,
1143,0.06289827823638916,,,
1144,0.05025357007980347,,,
1145,0.06458611786365509,,,
1146,0.07709527760744095,,,
1147,0.05430758371949196,,,
1148,0.05913585051894188,,,
1149,0.05979093536734581,,,
1150,0.05830243602395058,,,
1151,0.04071513190865517,,,
1152,0.06778514385223389,,,
1153,0.06325589120388031,,,
1154,0.06268531084060669,,,
1155,0.07804326713085175,,,
1156,0.06105485558509827,,,
1157,0.06630636751651764,,,
1158,0.050663530826568604,,,
1159,0.04735803231596947,,,
1160,0.0708010122179985,,,
1161,0.05908352881669998,,,
1162,0.04617519676685333,,,
1163,0.048051778227090836,,,
1164,0.05044294148683548,,,
1165,0.03874354064464569,,,
1166,0.07351736724376678,,,
1167,0.05865934491157532,,,
1168,0.07453428208827972,,,
1169,0.0622558631002903,,,
1170,0.05042325332760811,,,
1171,0.07153528928756714,,,
1172,0.06606525182723999,,,
1173,0.056484121829271317,,,
1174,0.06141535937786102,,,
1175,0.05940915644168854,,,
1176,0.04458743706345558,,,
1177,0.07397560775279999,,,
1178,0.05462157353758812,,,
1179,0.08412385731935501,,,
1180,0.04930725321173668,,,
1181,0.053799424320459366,,,
1182,0.07069887220859528,,,
1183,0.06733789294958115,,,
1184,0.05993756651878357,,,
1185,0.04788767173886299,,,
1186,0.04737184941768646,,,
1187,0.07091265171766281,,,
1188,0.0675586611032486,,,
1189,0.06235549971461296,,,
1190,0.05597950145602226,,,
1191,0.07147931307554245,,,
1192,0.05013629421591759,,,
1193,0.05890263244509697,,,
1194,0.04792992025613785,,,
1195,0.06428679078817368,,,
1196,0.05481978878378868,,,
1197,0.07510702311992645,,,
1198,0.06214326620101929,,,
1199,0.041528426110744476,,,
1200,0.04138067364692688,,,
1201,0.04546607285737991,,,
1202,0.046241484582424164,,,
1203,0.07793202996253967,,,
1204,0.05768371373414993,,,
1205,0.06607653200626373,,,
1206,0.05873561650514603,,,
1207,0.059770796447992325,,,
1208,0.07022224366664886,,,
1209,0.06448855996131897,,,
1210,0.06799186766147614,,,
1211,0.06391994655132294,,,
1212,0.05215436965227127,,,
1213,0.058363329619169235,,,
1214,0.0514807291328907,,,
1215,0.07621006667613983,,,
1216,0.054482314735651016,,,
1217,0.047501713037490845,,,
1218,0.08223652094602585,,,
1219,0.06283614784479141,,,
1220,0.039317984133958817,,,
1221,0.06167583167552948,,,
1222,0.05533931031823158,,,
1223,0.060591623187065125,,,
1224,0.041621383279561996,,,
1225,0.04746386781334877,,,
1226,0.059035446494817734,,,
1227,0.047666095197200775,,,
1228,0.06159583106637001,,,
1229,0.06369687616825104,,,
1230,0.05039351433515549,,,
1231,0.05462613329291344,,,
1232,0.048317939043045044,,,
1233,0.05897170305252075,,,
1234,0.047033343464136124,,,
1235,0.04081030189990997,,,
1236,0.04943850263953209,,,
1237,0.045284468680620193,,,
1238,0.05836508050560951,,,
1239,0.04578357934951782,,,
1240,0.0661059319972992,,,
1241,0.04049031808972359,,,
1242,0.04774990677833557,,,
1243,0.06867039948701859,,,
1244,0.055796049535274506,,,
1245,0.06268058717250824,,,
1246,0.05521770566701889,,,
1247,0.04946426302194595,,,
1248,0.03937200829386711,,,
1249,0.049969326704740524,,,
1250,0.07897377014160156,,,
1251,0.03818490728735924,,,
1252,0.05085178092122078,,,
1253,0.05094078183174133,,,
1254,0.08095397055149078,,,
1255,0.03335998207330704,,,
1256,0.060628198087215424,,,
1257,0.062209054827690125,,,
1258,0.0624786801636219,,,
1259,0.05058484897017479,,,
1260,0.0515269935131073,,,
1261,0.039194364100694656,,,
1262,0.05876819044351578,,,
1263,0.05778404325246811,,,
1264,0.04081239923834801,,,
1265,0.04927705228328705,,,
1266,0.048409733921289444,,,
1267,0.04699752852320671,,,
1268,0.046926937997341156,,,
1269,0.054059095680713654,,,
1270,0.06993650645017624,,,
1271,0.05368860810995102,,,
1272,0.04934677481651306,,,
1273,0.05812554806470871,,,
1274,0.06227414682507515,,,
1275,0.04984002560377121,,,
1276,0.05117199942469597,,,
1277,0.06803968548774719,,,
1278,0.045679349452257156,,,
1279,0.04671374335885048,,,
1280,0.05884911119937897,,,
1281,0.06656329333782196,,,
1282,0.04766472801566124,,,
1283,0.05875955522060394,,,
1284,0.0641753152012825,,,
1285,0.05384518578648567,,,
1286,0.05628342181444168,,,
1287,0.06377195566892624,,,
1288,0.05841667577624321,,,
1289,0.05125502124428749,,,
1290,0.03212495148181915,,,
1291,0.04889003932476044,,,
1292,0.05411016196012497,,,
1293,0.05595742538571358,,,
1294,0.058481574058532715,,,
1295,0.04403930529952049,,,
1296,0.053505439311265945,0.08149898714489406,0.9596296296296297,0.8725925925925926
1297,0.04513571411371231,,,
1298,0.0628524199128151,,,
1299,0.06175418570637703,,,
1300,0.054575011134147644,,,
1301,0.07030004262924194,,,
1302,0.05289774388074875,,,
1303,0.06397653371095657,,,
1304,0.05311837047338486,,,
1305,0.052462562918663025,,,
1306,0.046262603253126144,,,
1307,0.03973529860377312,,,
1308,0.05852266773581505,,,
1309,0.0561002641916275,,,
1310,0.05403296276926994,,,
1311,0.04138553515076637,,,
1312,0.051007531583309174,,,
1313,0.05068046599626541,,,
1314,0.06085021421313286,,,
1315,0.05950376018881798,,,
1316,0.06944301724433899,,,
1317,0.05067834630608559,,,
1318,0.057229116559028625,,,
1319,0.07817328721284866,,,
1320,0.05655293166637421,,,
1321,0.044540535658597946,,,
1322,0.06373485922813416,,,
1323,0.05043574422597885,,,
1324,0.04427497088909149,,,
1325,0.04497183486819267,,,
1326,0.06215943768620491,,,
1327,0.046680692583322525,,,
1328,0.05426328256726265,,,
1329,0.05808897316455841,,,
1330,0.0578623041510582,,,
1331,0.05752961337566376,,,
1332,0.05607221648097038,,,
1333,0.03912704810500145,,,
1334,0.059512268751859665,,,
1335,0.06255879998207092,,,
1336,0.0641256794333458,,,
1337,0.057357240468263626,,,
1338,0.06642147898674011,,,
1339,0.048758991062641144,,,
1340,0.05066554248332977,,,
1341,0.06267737597227097,,,
1342,0.035846028476953506,,,
1343,0.04770692437887192,,,
1344,0.052849046885967255,,,
1345,0.04637278988957405,,,
1346,0.06656943261623383,,,
1347,0.056736160069704056,,,
1348,0.08000926673412323,,,
1349,0.06032807007431984,,,
1350,0.06301224231719971,,,
1351,0.050827208906412125,,,
1352,0.04695787653326988,,,
1353,0.053636129945516586,,,
1354,0.04254840314388275,,,
1355,0.04889121651649475,,,
1356,0.04619970545172691,,,
1357,0.06129052862524986,,,
1358,0.04691445454955101,,,
1359,0.05559214949607849,,,
1360,0.04170132428407669,,,
1361,0.059866856783628464,,,
1362,0.06611703336238861,,,
1363,0.04742991551756859,,,
1364,0.051495783030986786,,,
1365,0.05268668383359909,,,
1366,0.05857042595744133,,,
1367,0.032293204218149185,,,
1368,0.05445622280240059,,,
1369,0.05486230552196503,,,
1370,0.0586705282330513,,,
1371,0.07500513643026352,,,
1372,0.053177252411842346,,,
1373,0.0588894784450531,,,
1374,0.04999459162354469,,,
1375,0.043639227747917175,,,
1376,0.06669764965772629,,,
1377,0.052467647939920425,,,
1378,0.042456455528736115,,,
1379,0.04764120653271675,,,
1380,0.04331567883491516,,,
1381,0.03971615806221962,,,
1382,0.06329400837421417,,,
1383,0.05447930470108986,,,
1384,0.06687367707490921,,,
1385,0.052159179002046585,,,
1386,0.04796386510133743,,,
1387,0.06849006563425064,,,
1388,0.05698574706912041,,,
1389,0.05124266818165779,,,
1390,0.058035921305418015,,,
1391,0.05821489170193672,,,
1392,0.04136430472135544,,,
1393,0.07299180328845978,,,
1394,0.049346912652254105,,,
1395,0.08389855176210403,,,
1396,0.04476182535290718,,,
1397,0.05093015357851982,,,
1398,0.06202194467186928,,,
1399,0.06537629663944244,,,
1400,0.05744492635130882,,,
1401,0.046136774122714996,,,
1402,0.0442160964012146,,,
1403,0.06595677137374878,,,
1404,0.06267105787992477,,,
1405,0.0608595535159111,,,
1406,0.05415948107838631,,,
1407,0.07196678221225739,,,
1408,0.04613090679049492,,,
1409,0.05210792273283005,,,
1410,0.041516393423080444,,,
1411,0.06175500899553299,,,
1412,0.05334215983748436,,,
1413,0.07262399047613144,,,
1414,0.05836283043026924,,,
1415,0.039752233773469925,,,
1416,0.03941401466727257,,,
1417,0.045579694211483,,,
1418,0.03825023025274277,,,
1419,0.0712101012468338,,,
1420,0.054344065487384796,,,
1421,0.063468798995018,,,
1422,0.05403684824705124,,,
1423,0.054998431354761124,,,
1424,0.06071951240301132,,,
1425,0.062527135014534,,,
1426,0.06374858319759369,,,
1427,0.05958690494298935,,,
1428,0.050544627010822296,,,
1429,0.05506962165236473,,,
1430,0.0512131042778492,,,
1431,0.06985031068325043,,,
1432,0.0474698469042778,,,
1433,0.04018042981624603,,,
1434,0.0757266953587532,,,
1435,0.05806056410074234,,,
1436,0.03536038473248482,,,
1437,0.0580359548330307,,,
1438,0.051116667687892914,,,
1439,0.056898634880781174,,,
1440,0.04051399976015091,,,
1441,0.041425228118896484,,,
1442,0.05581079423427582,,,
1443,0.0451926589012146,,,
1444,0.05292040854692459,,,
1445,0.059323787689208984,,,
1446,0.04517974331974983,,,
1447,0.04916663467884064,,,
1448,0.046121563762426376,,,
1449,0.05495487526059151,,,
1450,0.04212184622883797,,,
1451,0.03774585947394371,,,
1452,0.04545062035322189,,,
1453,0.044977255165576935,,,
1454,0.051619745790958405,,,
1455,0.03878168761730194,,,
1456,0.060733627527952194,,,
1457,0.03607749938964844,,,
1458,0.04181782901287079,,,
1459,0.06698579341173172,,,
1460,0.051806870847940445,,,
1461,0.05791741982102394,,,
1462,0.048791006207466125,,,
1463,0.049918390810489655,,,
1464,0.03619062528014183,,,
1465,0.044913291931152344,,,
1466,0.07190663367509842,,,
1467,0.0347558967769146,,,
1468,0.047654926776885986,,,
1469,0.04690694436430931,,,
1470,0.07590648531913757,,,
1471,0.03306340053677559,,,
1472,0.0569620206952095,,,
1473,0.05651097372174263,,,
1474,0.05639338865876198,,,
1475,0.04852810502052307,,,
1476,0.04961509630084038,,,
1477,0.03357524797320366,,,
1478,0.050944335758686066,,,
1479,0.05182304605841637,,,
1480,0.03586416691541672,,,
1481,0.04572146758437157,,,
1482,0.0453481450676918,,,
1483,0.04035107046365738,,,
1484,0.04357757046818733,,,
1485,0.04939848929643631,,,
1486,0.0650712251663208,,,
1487,0.047774024307727814,,,
1488,0.04296179488301277,,,
1489,0.05317794531583786,,,
1490,0.0530351959168911,,,
1491,0.046488404273986816,,,
1492,0.046830032020807266,,,
1493,0.06564911454916,,,
1494,0.04345773905515671,,,
1495,0.04140257462859154,,,
1496,0.05039462447166443,,,
1497,0.05594215542078018,,,
1498,0.04285171627998352,,,
1499,0.04849272966384888,,,
1500,0.0589020662009716,,,
1501,0.050144780427217484,,,
1502,0.04744662344455719,,,
1503,0.06166185811161995,,,
1504,0.04993629455566406,,,
1505,0.04606616497039795,,,
1506,0.0320528969168663,,,
1507,0.049921032041311264,,,
1508,0.0560225248336792,,,
1509,0.04737643525004387,,,
1510,0.04478227719664574,,,
1511,0.031246203929185867,,,
1512,0.048860762268304825,0.08945355067650478,0.9540740740740744,0.8627777777777775
